4791351922
4791351865
4791351860
4791351823
4791351820
4791351539
4791351533
4791351526
4791351521
4791351386
4791351381
4791351273
4791351270
4791351208
4791351200
4791351154
4791351152
4791351150
4791351072
4791351071
4791350948
4791350698
4791350658
4791350650
4791350499
4791350498
4791350496
4791350492
4791350490
4791350487
4791350484
4791350480
4791350477
4791350472
4791350471
4791350470
4791350468
4791350467
4791350465
4791350464
4791350461
4791350456
4791350455
4791350453
4791350452
4791350449
4791350443
4791350442
4791350441
4791350440
4791350439
4791350438
4791350437
4791350436
4791350434
4791350431
4791350428
4791350425
4791350424
4791350421
4791350419
4791350418
4791350414
4791350412
4791350408
4791350407
4791350405
4791350403
4791350337
4791350336
4791350335
4791350332
4791350331
4791350328
4791350308
4791350184
4791350182
4791350180
4791350090
4791350010
4791350001
4791350000
4791349863
4791349786
4791349778
4791349774
4791349724
4791349723
4791349720
4791349592
4791349292
4791349138
4791349133
4791349078
4791349075
4791349074
4791349073
4791348993
4791348937
4791348622
4748286605
4748286569
4748286457
4748286336
4748286283
4748286221
4748286186
4748286183
4748286136
4748286115
4748286052
4748286048
4748286036
4748286032
4748286028
4748285949
4748285915
4748285912
4748285901
4748285874
4748285849
4748285828
4748285792
4748285715
4748285624
4748285601
4748285585
4748285579
4748285487
4748285341
4748285292
4748285265
4748285258
4748285242
4748285211
4748285139
4748285122
4748285117
4748285113
4748285111
4748285107
4748285104
4748285070
4748285069
4748285049
4748284982
4748284924
4748284908
4748284766
4748284765
4748284741
4748284652
4748284627
4748284597
4748284593
4748284522
4748284512
4748284475
4748284414
4748284396
4748284355
4748284349
4748284327
4748284296
4748284236
4748284149
4748284050
4748284041
4748284006
4748283946
4748283804
4748283769
4748283768
4748283758
4748283741
4748283730
4748283594
4748283564
4748283551
4748283540
4748283534
4748283523
4748283519
4748283518
4748283509
4748283500
4748283446
4748283434
4748283401
4748283377
4748283220
4748283084
4748283054
4748283039
4748282951
4748282903
4748282896
4748282893
4748282875
4748282862
4748282761
4748282690
4748282685
4748282677
4748282674
4748282662
4748282655
4748282648
4748282642
4748282635
4748282627
4748282618
4748282608
4748282604
4748282603
4748282597
4748282557
4748282550
4748282458
4748282425
4748282402
4748282378
4748282372
4748282359
4748282344
4748282244
4748282157
4748282144
4748282143
4748282061
4748282004
4748281997
4748281903
4748281864
4748281826
4748281818
4748281771
4748281728
4748281718
4748281613
4748281459
4748281436
4748281434
4748281389
4748281330
4748281298
4748281295
4748281291
4748281289
4748281271
4748281256
4748281130
4748280938
4748280929
4748280895
4748280871
4748280838
4748280727
4748280716
4748280667
4748280636
4748280544
4748280495
4748280454
4748280239
4748280203
4748280147
4748280130
4748280129
4748280115
4748280085
4748280071
4748280006
4748279952
4748279931
4748279927
4748279907
4748279903
4748279879
4748279841
4748279695
4748279691
4748279655
4748279634
4748279542
4748279484
4748279465
4748279460
4748279427
4748279411
4748279339
4748279304
4748279261
4748279246
4748279242
4748279200
4748279176
4748279170
4748279072
4748279004
4748279001
4748278824
4748278811
4748278699
4748278675
4748278625
4748278510
4748278441
4748278439
4748278417
4748278382
4748278372
4748278360
4748278328
4748278309
4748278214
4748278165
4748278121
4748278106
4748278057
4748277974
4748277959
4748277957
4748277938
4748277930
4748277851
4748277847
4748277774
4748277770
4748277736
4748277730
4748277675
4748277665
4748277639
4748277617
4748277540
4748277526
4748277499
4748277442
4748277429
4748277272
4748277244
4748277208
4748277203
4748277161
4748277118
4748277109
4748277090
4748277089
4748276973
4748276895
4748276862
4748276850
4748276651
4748276577
4748276440
4748276300
4748276270
4748276262
4748276260
4748276202
4748276161
4748276153
4748276123
4748276116
4748276076
4748276067
4748275999
4748275878
4748275875
4748275871
4748275864
4748275858
4748275822
4748275820
4748275801
4748275791
4748275718
4748275617
4748275572
4748275466
4748275456
4748275350
4748274991
4748274977
4748274925
4748274840
4748274802
4748274730
4748274649
4748274588
4748274572
4748274555
4748274520
4748274498
4748274494
4748274482
4748274430
4748274380
4748274350
4748274313
4748274298
4748274225
4748274208
4748274195
4748274147
4748274123
4748274115
4748274017
4748273999
4748273916
4748273915
4748273884
4748273877
4748273846
4748273845
4748273747
4748273745
4748273742
4748273710
4748273678
4748273677
4748273619
4748273615
4748273429
4748273428
4748273425
4748273398
4748273390
4748273385
4748273359
4748273331
4748273222
4748273097
4748273079
4748273049
4748273046
4748273000
4748272857
4748272848
4748272785
4748272775
4748272756
4748272741
4748272712
4748272709
4748272657
4748272634
4748272627
4748272623
4748272617
4748272551
4748272504
4748272456
4748272447
4748272426
4748272424
4748272417
4748272411
4748272398
4748272374
4748272368
4748272330
4748272325
4748272300
4748272293
4748272256
4748272245
4748272240
4748272228
4748272177
4748272172
4748272111
4748272105
4748272082
4748272075
4748272065
4748272038
4748272005
4748271987
4748271940
4748271936
4748271909
4748271897
4748271895
4748271891
4748271878
4748271814
4748271803
4748271664
4748271616
4748271513
4748271496
4748271491
4748271448
4748271419
4748271240
4748271218
4748271122
4748271118
4748271080
4748271050
4748271040
4748271036
4748270956
4748270828
4748270726
4748270652
4748270583
4748270552
4748270526
4748270392
4748270299
4748270298
4748270252
4748270238
4748270170
4748270118
4748270024
4748269962
4748269956
4748269950
4748269913
4748269907
4748269904
4748269865
4748269831
4748269809
4748269708
4748269635
4748269560
4748269559
4748269554
4748269454
4748269432
4748269407
4748269015
4748268985
4748268974
4748268887
4748268880
4748268879
4748268803
4748268792
4748268734
4748268676
4748268486
4748268442
4748268435
4748268349
4748268337
4748268237
4748268165
4748268119
4748268073
4748268067
4748268015
4748267935
4748267931
4748267858
4748267817
4748267813
4748267722
4748267713
4748267654
4748267575
4748267569
4748267535
4748267485
4748267410
4748267307
4748267173
4748267147
4748267117
4748267098
4748267068
4748267064
4748267047
4748266980
4748266955
4748266905
4748266891
4748266886
4748266790
4748266789
4748266729
4748266723
4748266722
4748266663
4748266661
4748266640
4748266553
4748266531
4748266486
4748266482
4748266461
4748266422
4748266406
4748266391
4748266343
4748266244
4748266160
4748266136
4748266130
4748266104
4748266055
4748265968
4748265938
4748265893
4748265884
4748265880
4748265855
4748265842
4748265830
4748265747
4748265742
4748265699
4748265669
4748265664
4748265626
4748265602
4748265488
4748265448
4748265413
4748265410
4748265384
4748265379
4748265378
4748265358
4748265357
4748265342
4748265334
4748265317
4748265311
4748265295
4748265292
4748265254
4748265242
4748265188
4748265140
4748265108
4748264974
4748264935
4748264885
4748264866
4748264838
4748264799
4748264796
4748264721
4748264620
4748264615
4748264590
4748264570
4748264567
4748264554
4748264529
4748264506
4748264496
4748264482
4748264412
4748264345
4748264321
4748264319
4748264188
4748264179
4748264131
4748263946
4748263932
4748263904
4748263873
4748263814
4748263812
4748263757
4748263715
4748263669