4741388965
4741388957
4741388951
4741388928
4741388927
4741388926
4741388922
4741388883
4741388881
4741388875
4741388873
4741388872
4741388838
4741388694
4741388692
4741388690
4741388651
4741388605
4741388603
4741388523
4741388522
4741388520
4741388468
4741388465
4741388463
4741388409
4741388403
4741388402
4741388398
4741388377
4741388368
4741388364
4741388346
4741388344
4741388321
4741388313
4741388299
4741388276
4741388268
4741388264
4741388262
4741388223
4741388221
4741388218
4741388214
4741388212
4741388145
4741388126
4741388125
4741388123
4741388114
4741388097
4741388096
4741388095
4741388080
4741388053
4741388052
4741388046
4741388020
4741387963
4741387957
4741387946
4741387945
4741387940
4741387918
4741387913
4741387911
4741387910
4741387887
4741387861
4741387860
4741387837
4741387818
4741387794
4741387792
4741387774
4741387773
4741387743
4741387725
4741387718
4741387717
4741387702
4741387552
4741387550
4741387528
4741387522
4741387399
4741387396
4741387345
4741387341
4741387276
4741387248
4741387244
4741387215
4741387132
4741387125
4741387108
4741387095
4741387093
4741387092
4741387091
4741387050
4741386990
4741386988
4741386985
4741386984
4741386982
4741386887
4741386886
4741386881
4741386849
4741386846
4741386838
4741386836
4741386799
4741386797
4741386792
4741386776
4741386764
4741386706
4741386678
4741386659
4741386657
4741386655
4741386585
4741386583
4741386518
4741386515
4741386485
4741386436
4741386433
4741386419
4741386312
4741386282
4741386281
4741386253
4741386236
4741386230
4741386173
4741386138
4741386135
4741386131
4741386098
4741386097
4741386091
4741386066
4741386061
4741386009
4741386001
4741385982
4741385946
4741385915
4741385910
4741385872
4741385838
4741385837
4741385831
4741385830
4741385755
4741385641
4741385607
4741385606
4741385587
4741385586
4741385584
4741385572
4741385558
4741385555
4741385553
4741385543
4741385538
4741385518
4741385515
4741385511
4741385468
4741385463
4741385417
4741385416
4741385366
4741385360
4741385347
4741385337
4741385334
4741385332
4741385331
4741385308
4741385306
4741385304
4741385300
4741385290
4741385267
4741385263
4741385260
4741385244
4741385229
4741385225
4741385222
4741385216
4741385215
4741385213
4741385199
4741385176
4741385175
4741385172
4741385171
4741385132
4741385084
4741385059
4741385027
4741385023
4741384898
4741384894
4741384891
4741384890
4741384833
4741384832
4741384830
4741384822
4741384776
4741384759
4741384699
4741384697
4741384636
4741384632
4741384588
4741384587
4741384548
4741384429
4741384426
4741384368
4741384364
4741384361
4741384358
4741384355
4741384338
4741384336
4741384334
4741384298
4741384292
4741384288
4741384285
4741384255
4741384253
4741384252
4741384235
4741384233
4741384101
4741384100
4741384088
4741384085
4741384079
4741384048
4741384036
4741384035
4741384030
4741383989
4741383986
4741383985
4741383980
4741383976
4741383973
4741383944
4741383925
4741383888
4741383887
4741383857
4741383852
4741383843
4741383806
4741383756
4741383750
4741383719
4741383714
4741383712
4741383711
4741383688
4741383681
4741383667
4741383664
4741383654
4741383615
4741383613
4741383612
4741383581
4741383576
4741383573
4741383572
4741383499
4741383495
4741383494
4741383483
4741383467
4741383460
4741383404
4741383374
4741383304
4741383303
4741383297
4741383292
4741383290
4741383275
4741383272
4741383253
4741383252
4741383248
4741383243
4741383204
4741383187
4741383184
4741383183
4741383181
4741383168
4741383161
4741383159
4741383155
4741383152
4741383080
4741383079
4741383078
4741383073
4741383053
4741382928
4741382918
4741382914
4741382912
4741382875
4741382868
4741382837
4741382836
4741382835
4741382832
4741382755
4741382721
4741382697
4741382669
4741382660
4741382636
4741382626
4741382496
4741382492
4740005524
4740005500
4740005451
4740005407
4740005187
4740005055
4740004950
4740004909
4740004643
4740004552
4740004512
4740004426
4740004123
4740004113
4740003217
4740003204
4740003201
4740003185
4740003124
4740003060
4740002850
4740002815
4740002747
4740002702
4740002625
4740002605
4740002440
4740002299
4740002214
4740002210
4740002148
4740002107
4740002101
4740002081
4740001548
4740001431
4740001399
4740001388
4740001230
4740001221
4740001035
4740001012
4740001003
4740000953
4740000941
4740000909
4740000820
4740000797
4740000781
4740000751
4740000704
4740000540
4740000491
4740000321
4740000210
4740000165
4740000145
4740000101
4740000094
4740000007
4799899163
4799898595
4799898345
4799897372
4799897362
4799896364
4799896139
4799895438
4799895031
4799895030
4799895026
4799894487
4799894462
4799894121
4799893847
4799892858
4799892646
4799892559
4799892272
4799891729
4799890464
4799890412
4799889834
4799889016
4799888998
4799888918
4799888023
4799887708
4799887705
4799887551
4799887012
4799886862
4799885588
4799885410
4799885331
4799884999
4799883123
4799882759
4799882451
4799882235
4798899272
4798898929
4798898894
4798898529
4798898221
4798898137
4798897693
4798897480
4798897335
4798897270
4798897170
4798897154
4798897131
4798897127
4798896992
4798896819
4798896688
4798896634
4798896420
4798896226
4798896173
4798896075
4798895773
4798894980
4798894811
4798894665
4798894408
4798894376
4798894374
4798894340
4798893604
4798893575
4798893336
4798893135
4798893130
4798892977
4798892907
4798892725
4798892626
4798891811
4798891724
4798891453
4798891014
4798890769
4798890002
4798889834
4798889474
4798889451
4798889433
4798889063
4798888876
4798888853
4798888521
4798888459
4798888153
4798888073
4798887949
4798887867
4798887806
4798887213
4798886982
4798886953
4798886768
4798886570
4798886383
4798885264
4798885046
4798884993
4798884790
4798884475
4798883848
4798883444
4798883413
4798883281
4798882887
4798882250
4798882224
4798882082
4798881819
4798881572
4798881271
4798880776
4798880115
4798880110
4798879990
4798879863
4798879861
4798879830
4798879824
4798879818
4798879753
4798879581
4798879553
4798879231
4798879089
4798878932
4798878928
4798878786
4798878590
4798878499
4798877817
4798877706
4798877665
4798877625
4798877377
4798877018
4798876969
4798876915
4798876908
4798876713
4798876637
4798876600
4798876414
4798876390
4798876387
4798876185
4798876101
4798875663
4798875650
4798875624
4798875287
4798874391
4798874373
4798873996
4798873571
4798873560
4798873000
4798872793
4798871911
4798871862
4798871730
4798871122
4798870905
4798870675
4798869433
4798869336
4798868969
4798868931
4798868589
4798868510
4798867498
4798867409
4798866834
4798866681
4798866628
4798866507
4798866417
4798866023
4798866012
4798865894
4798865169
4798864948
4798864737
4798864304
4798864185
4798864182
4798863802
4798863173
4798863100
4798862519
4798861953
4798861816
4798861813
4798861601
4798861428
4798861328
4798861233
4798861086
4798861045
4798860534
4798860020
4798859395
4798859165
4798859053
4798858391
4798858034
4798857663
4798857622
4798857526
4798857317
4798857209
4798857009
4798856764
4798856621
4798856556
4798856503
4798855943
4798855898
4798855882
4798855821
4798855427
4798855377
4798855318
4798855189
4798855178
4798854559
4798854432
4798854395
4798854390
4798854230
4798853899
4798853746
4798853716
4798853684
4798853519
4798853244
4798852981
4798852952
4798852520
4798852120
4798851950
4798851941
4798851826
4798851592
4798851494
4798851435
4798851267
4798850342
4798849865
4798849811
4798849709
4798849699
4798849367
4798849365
4798849164
4798848886
4798848691
4798848672
4798848602
4798848346
4798848315
4798848295
4798848130
4798848056
4798847895
4798847501
4798847407
4798847403
4798847096
4798847007
4798846609
4798846201
4798845863
4798845666
4798845325
4798844899
4798844885
4798844672
4798844514
4798844370
4798844349
4798844268
4798844206
4798843821
4798843769
4798843009
4798842670
4798842496
4798842434
4798842322
4798842182
4798842092
4798841723
4798841320
4798840869
4798840663
4798840606
4798840588
4798840315
4798839070
4798839003
4798838833
4798838384
4798838151
4798836966
4798836871
4798836605
4798836065
4798835770
4798835748
4798835184
4798834927
4798834765
4798834293
4798834246
4798834117
4798834085
4798833859
4798833781
4798833521
4798833409
4798833243
4798833129
4798833026
4798831647
4798831533
4798831465
4798831424
4798831243
4798831168
4798831049
4798830908
4798830781
4798830631
4798830615
4798830351
4798829776
4798829407
4798829063
4798829041
4798828778
4798828675
4798828250
4798828211
4798828030
4798827765
4798826519
4798826463
4798826395
4798825763
4798825735
4798825706
4798825665
4798825200
4798825000
4798824827
4798824244
4798823621
4798823529
4798823191
4798823150
4798822408
4798822298
4798822234
4798822010
4798821871
4798821807
4798821243
4798821145
4798821131
4798821081
4798820995
4798819984
4798819666
4798819252
4798819174
4798818919
4798818778
4798818663
4798817926
4798817644
4798817289
4798817089
4798816999
4798816915
4798816904
4798816897
4798816544
4798816488
4798816446
4798816404
4798815824
4798815684
4798815452
4798815438
4798815429
4798814921
4798814908
4798814869
4798814606
4798814484
4798813874
4798813780
4798813770
4798813342
4798813095
4798813019
4798812918
4798812848
4798812357
4798812224
4798811056
4798810927
4798810896
4798810008
4798809973
4798809952
4798809914
4798809600
4798809455
4798809409
4798809225
4798809130
4798808835
4798808572
4798808190
4798808170
4798808035
4798807941
4798807819
4798807323
4798806724
4798806584
4798806556
4798804789
4798804701
4798804483
4798803717
4798803599
4798803319
4798802771
4798802691
4798802352
4798802080
4798801567
4798801017
4798800914
4798800866
4798800551
4798800216
4798800188
4798800118
4798769847
4798769673
4798769606
4798769361
4798768595
4798768527
4798768510
4798768398
4798768247
4798768175
4798767493
4798766898
4798766102
4798765712
4798765401
4798765277
4798764526
4798764335
4798763395
4798762063
4798699848
4798699767
4798699559
4798699504
4798699452
4798699279
4798698908
4798698823
4798698815
4798698038
4798697979
4798697571
4798697566
4798697559
4798697528
4798696884
4798696702
4798696600
4798696523
4798695852
4798695796
4798695404
4798694362
4798694250
4798694163
4798694149
4798693990
4798693833
4798693776
4798693397
4798692890
4798692510
4798692282
4798691850
4798691174
4798691123
4798691061
4798690909
4798690697
4798690455
4798690444
4798689667
4798689513
4798689165
4798688623
4798688524
4798688520
4798688442
4798687742
4798687474
4798686827
4798686594
4798686447
4798686061
4798686036
4798685804
4798685367
4798685274
4798684873
4798684871
4798684729
4798684545
4798684369
4798683877
4798683705
4798683653
4798683011
4798682936
4798682097
4798681819
4798681627
4798681494
4798681463
4798681385
4798681205
4798681030
4798680730
4798680568
4798680420
4798680106
4798679801
4798679500
4798679430
4798679347
4798679239
4798678431
4798678360
4798678032
4798677775
4798677566
4798677539
4798677086
4798677011
4798676837
4798676819
4798676238
4798676035
4798675825
4798675808
4798675467
4798675401
4798675384
4798675244
4798675149
4798674140
4798673885
4798673754
4798673214
4798671855
4798671290
4798670870
4798670857
4798670696
4798670607
4798670403
4798670376
4798670350
4798670326